t x y
0 3 2
0.01 3.02 2.015
0.02 3.04 2.03
0.03 3.06 2.045
0.04 3.08 2.06
0.05 3.1 2.075
0.06 3.12 2.09
0.07 3.14 2.105
0.08 3.16 2.12
0.09 3.18 2.135
0.1 3.2 2.15
0.11 3.22 2.165
0.12 3.24 2.18
0.13 3.26 2.195
0.14 3.28 2.21
0.15 3.3 2.225
0.16 3.32 2.24
0.17 3.34 2.255
0.18 3.36 2.27
0.19 3.38 2.285
0.2 3.4 2.3
0.21 3.42 2.315
0.22 3.44 2.33
0.23 3.46 2.345
0.24 3.48 2.36
0.25 3.5 2.375
0.26 3.52 2.39
0.27 3.54 2.405
0.28 3.56 2.42
0.29 3.58 2.435
0.3 3.6 2.45
0.31 3.62 2.465
0.32 3.64 2.48
0.33 3.66 2.495
0.34 3.68 2.51
0.35 3.7 2.525
0.36 3.72 2.54
0.37 3.74 2.555
0.38 3.76 2.57
0.39 3.78 2.585
0.4 3.8 2.6
0.41 3.82 2.615
0.42 3.84 2.63
0.43 3.86 2.645
0.44 3.88 2.66
0.45 3.9 2.675
0.46 3.92 2.69
0.47 3.94 2.705
0.48 3.96 2.72
0.49 3.98 2.735
0.5 4 2.75
0.51 4.02 2.765
0.52 4.04 2.78
0.53 4.06 2.795
0.54 4.08 2.81
0.55 4.1 2.825
0.56 4.12 2.84
0.57 4.14 2.855
0.58 4.16 2.87
0.59 4.18 2.885
0.6 4.2 2.9
0.61 4.22 2.915
0.62 4.24 2.93
0.63 4.26 2.945
0.64 4.28 2.96
0.65 4.3 2.975
0.66 4.32 2.99
0.67 4.34 3.005
0.68 4.36 3.02
0.69 4.38 3.035
0.7 4.4 3.05
0.71 4.42 3.065
0.72 4.44 3.08
0.73 4.46 3.095
0.74 4.48 3.11
0.75 4.5 3.125
0.76 4.52 3.14
0.77 4.54 3.155
0.78 4.56 3.17
0.79 4.58 3.185
0.8 4.6 3.2
0.81 4.62 3.215
0.82 4.64 3.23
0.83 4.66 3.245
0.84 4.68 3.26
0.85 4.7 3.275
0.86 4.72 3.29
0.87 4.74 3.305
0.88 4.76 3.32
0.89 4.78 3.335
0.9 4.8 3.35
0.91 4.82 3.365
0.92 4.84 3.38
0.93 4.86 3.395
0.94 4.88 3.41
0.95 4.9 3.425
0.96 4.92 3.44
0.97 4.94 3.455
0.98 4.96 3.47
0.99 4.98 3.485
1 5 3.5
1.01 5.02 3.515
1.02 5.04 3.53
1.03 5.06 3.545
1.04 5.08 3.56
1.05 5.1 3.575
1.06 5.12 3.59
1.07 5.14 3.605
1.08 5.16 3.62
1.09 5.18 3.635
1.1 5.2 3.65
1.11 5.22 3.665
1.12 5.24 3.68
1.13 5.26 3.695
1.14 5.28 3.71
1.15 5.3 3.725
1.16 5.32 3.74
1.17 5.34 3.755
1.18 5.36 3.77
1.19 5.38 3.785
1.2 5.4 3.8
1.21 5.42 3.815
1.22 5.44 3.83
1.23 5.46 3.845
1.24 5.48 3.86
1.25 5.5 3.875
1.26 5.52 3.89
1.27 5.54 3.905
1.28 5.56 3.92
1.29 5.58 3.935
1.3 5.6 3.95
1.31 5.62 3.965
1.32 5.64 3.98
1.33 5.66 3.995
1.34 5.68 4.01
1.35 5.7 4.025
1.36 5.72 4.04
1.37 5.74 4.055
1.38 5.76 4.07
1.39 5.78 4.085
1.4 5.8 4.1
1.41 5.82 4.115
1.42 5.84 4.13
1.43 5.86 4.145
1.44 5.88 4.16
1.45 5.9 4.175
1.46 5.92 4.19
1.47 5.94 4.205
1.48 5.96 4.22
1.49 5.98 4.235
1.5 6 4.25
1.51 6.02 4.265
1.52 6.04 4.28
1.53 6.06 4.295
1.54 6.08 4.31
1.55 6.1 4.325
1.56 6.12 4.34
1.57 6.14 4.355
1.58 6.16 4.37
1.59 6.18 4.385
1.6 6.2 4.4
1.61 6.22 4.415
1.62 6.24 4.43
1.63 6.26 4.445
1.64 6.28 4.46
1.65 6.3 4.475
1.66 6.32 4.49
1.67 6.34 4.505
1.68 6.36 4.52
1.69 6.38 4.535
1.7 6.4 4.55
1.71 6.42 4.565
1.72 6.44 4.58
1.73 6.46 4.595
1.74 6.48 4.61
1.75 6.5 4.625
1.76 6.52 4.64
1.77 6.54 4.655
1.78 6.56 4.67
1.79 6.58 4.685
1.8 6.6 4.7
1.81 6.62 4.715
1.82 6.64 4.73
1.83 6.66 4.745
1.84 6.68 4.76
1.85 6.7 4.775
1.86 6.72 4.79
1.87 6.74 4.805
1.88 6.76 4.82
1.89 6.78 4.835
1.9 6.8 4.85
1.91 6.82 4.865
1.92 6.84 4.88
1.93 6.86 4.895
1.94 6.88 4.91
1.95 6.9 4.925
1.96 6.92 4.94
1.97 6.94 4.955
1.98 6.96 4.97
1.99 6.98 4.985
2 7 5
2.01 7.02 5.015
2.02 7.04 5.03
2.03 7.06 5.045
2.04 7.08 5.06
2.05 7.05701 5.05018
2.06 7.03402 5.04036
2.07 7.01103 5.03054
2.08 6.98804 5.02072
2.09 6.96505 5.0109
2.1 6.94206 5.00108
2.11 6.91907 4.99126
2.12 6.89608 4.98144
2.13 6.87309 4.97162
2.14 6.8501 4.96179
2.15 6.82711 4.95197
2.16 6.80412 4.94215
2.17 6.78113 4.93233
2.18 6.75813 4.92251
2.19 6.73514 4.91269
2.2 6.71215 4.90287
2.21 6.68916 4.89305
2.22 6.66617 4.88323
2.23 6.64318 4.87341
2.24 6.62019 4.86359
2.25 6.5972 4.85377
2.26 6.57421 4.84395
2.27 6.55122 4.83413
2.28 6.52823 4.82431
2.29 6.50524 4.81449
2.3 6.48225 4.80467
2.31 6.45926 4.79485
2.32 6.43627 4.78503
2.33 6.41328 4.77521
2.34 6.39029 4.76538
2.35 6.3673 4.75556
2.36 6.34431 4.74574
2.37 6.32132 4.73592
2.38 6.29833 4.7261
2.39 6.27534 4.71628
2.4 6.25235 4.70646
2.41 6.22936 4.69664
2.42 6.20637 4.68682
2.43 6.18338 4.677
2.44 6.16038 4.66718
2.45 6.13739 4.65736
2.46 6.1144 4.64754
2.47 6.09141 4.63772
2.48 6.06842 4.6279
2.49 6.04543 4.61808
2.5 6.02244 4.60826
2.51 5.99945 4.59844
2.52 5.97646 4.58862
2.53 5.95347 4.5788
2.54 5.93048 4.56897
2.55 5.90749 4.55915
2.56 5.8845 4.54933
2.57 5.86151 4.53951
2.58 5.83852 4.52969
2.59 5.81553 4.51987
2.6 5.79254 4.51005
2.61 5.76955 4.50023
2.62 5.74656 4.49041
2.63 5.72357 4.48059
2.64 5.70058 4.47077
2.65 5.67759 4.46095
2.66 5.6546 4.45113
2.67 5.63161 4.44131
2.68 5.60862 4.43149
2.69 5.58563 4.42167
2.7 5.56263 4.41185
2.71 5.53964 4.40203
2.72 5.51665 4.39221
2.73 5.49366 4.38238
2.74 5.47067 4.37256
2.75 5.44768 4.36274
2.76 5.42469 4.35292
2.77 5.4017 4.3431
2.78 5.37871 4.33328
2.79 5.35572 4.32346
2.8 5.33273 4.31364
2.81 5.30974 4.30382
2.82 5.28675 4.294
2.83 5.26376 4.28418
2.84 5.24077 4.27436
2.85 5.21778 4.26454
2.86 5.19479 4.25472
2.87 5.1718 4.2449
2.88 5.14881 4.23508
2.89 5.12582 4.22526
2.9 5.10283 4.21544
2.91 5.07984 4.20562
2.92 5.05685 4.1958
2.93 5.03386 4.18597
2.94 5.01087 4.17615
2.95 4.98788 4.16633
2.96 4.96488 4.15651
2.97 4.94189 4.14669
2.98 4.9189 4.13687
2.99 4.89591 4.12705
3 4.87292 4.11723
3.01 4.84993 4.10741
3.02 4.82694 4.09759
3.03 4.80395 4.08777
3.04 4.78096 4.07795
3.05 4.75797 4.06813
3.06 4.73498 4.05831
3.07 4.71199 4.04849
3.08 4.689 4.03867
3.09 4.66601 4.02885
3.1 4.64302 4.01903
3.11 4.62003 4.00921
3.12 4.59704 3.99939
3.13 4.57405 3.98956
3.14 4.55106 3.97974
3.15 4.52807 3.96992
3.16 4.50508 3.9601
3.17 4.48209 3.95028
3.18 4.4591 3.94046
3.19 4.43611 3.93064
3.2 4.41312 3.92082
3.21 4.39013 3.911
3.22 4.36714 3.90118
3.23 4.34414 3.89136
3.24 4.32115 3.88154
3.25 4.29816 3.87172
3.26 4.27517 3.8619
3.27 4.25218 3.85208
3.28 4.22919 3.84226
3.29 4.2062 3.83244
3.3 4.18321 3.82262
3.31 4.16022 3.8128
3.32 4.13723 3.80297
3.33 4.11424 3.79315
3.34 4.09125 3.78333
3.35 4.06826 3.77351
3.36 4.04527 3.76369
3.37 4.02228 3.75387
3.38 3.99929 3.74405
3.39 3.9763 3.73423
3.4 3.95331 3.72441
3.41 3.93032 3.71459
3.42 3.90733 3.70477
3.43 3.88434 3.69495
3.44 3.86135 3.68513
3.45 3.83836 3.67531
3.46 3.81537 3.66549
3.47 3.79238 3.65567
3.48 3.76939 3.64585
3.49 3.74639 3.63603
3.5 3.7234 3.62621
3.51 3.70041 3.61639
3.52 3.67742 3.60656
3.53 3.65443 3.59674
3.54 3.63144 3.58692
3.55 3.60845 3.5771
3.56 3.58546 3.56728
3.57 3.56247 3.55746
3.58 3.53948 3.54764
3.59 3.51649 3.53782
3.6 3.4935 3.528
3.61 3.47051 3.51818
3.62 3.44752 3.50836
3.63 3.42453 3.49854
3.64 3.40154 3.48872
3.65 3.37855 3.4789
3.66 3.35556 3.46908
3.67 3.33257 3.45926
3.68 3.30958 3.44944
3.69 3.28659 3.43962
3.7 3.2636 3.4298
3.71 3.24061 3.41998
3.72 3.21762 3.41015
3.73 3.19463 3.40033
3.74 3.17164 3.39051
3.75 3.14864 3.38069
3.76 3.12565 3.37087
3.77 3.10266 3.36105
3.78 3.07967 3.35123
3.79 3.05668 3.34141
3.8 3.03369 3.33159
3.81 3.0107 3.32177
3.82 2.98771 3.31195
3.83 2.96472 3.30213
3.84 2.94173 3.29231
3.85 2.91874 3.28249
3.86 2.89575 3.27267
3.87 2.87276 3.26285
3.88 2.84977 3.25303
3.89 2.82678 3.24321
3.9 2.80379 3.23339
3.91 2.7808 3.22356
3.92 2.75781 3.21374
3.93 2.73482 3.20392
3.94 2.71183 3.1941
3.95 2.68884 3.18428
3.96 2.66585 3.17446
3.97 2.64286 3.16464
3.98 2.61987 3.15482
3.99 2.59688 3.145
4 2.57389 3.13518
4.01 2.55089 3.12536
4.02 2.5279 3.11554
4.03 2.50491 3.10572
4.04 2.48192 3.0959
4.05 2.45893 3.08608
4.06 2.43594 3.07626
4.07 2.41295 3.06644
4.08 2.38996 3.05662
4.09 2.36697 3.0468
4.1 2.34398 3.03698
4.11 2.32099 3.02715
4.12 2.298 3.01733
4.13 2.27501 3.00751
4.14 2.25202 2.99769
4.15 2.22903 2.98787
4.16 2.20604 2.97805
4.17 2.18305 2.96823
4.18 2.16006 2.95841
4.19 2.13707 2.94859
4.2 2.11408 2.93877
4.21 2.09109 2.92895
4.22 2.0681 2.91913
4.23 2.04511 2.90931
4.24 2.02212 2.89949
4.25 1.99913 2.88967
4.26 1.97614 2.87985
4.27 1.95315 2.87003
4.28 1.93015 2.86021
4.29 1.90716 2.85039
4.3 1.88417 2.84057
4.31 1.86118 2.83074
4.32 1.83819 2.82092
4.33 1.8152 2.8111
4.34 1.79221 2.80128
4.35 1.76922 2.79146
4.36 1.74623 2.78164
4.37 1.72324 2.77182
4.38 1.70025 2.762
4.39 1.67726 2.75218
4.4 1.65427 2.74236
4.41 1.63128 2.73254
4.42 1.60829 2.72272
4.43 1.5853 2.7129
4.44 1.56231 2.70308
4.45 1.53932 2.69326
4.46 1.54231 2.66844
4.47 1.5453 2.64362
4.48 1.54829 2.6188
4.49 1.55128 2.59398
4.5 1.55427 2.56916
4.51 1.55726 2.54433
4.52 1.56025 2.51951
4.53 1.56324 2.49469
4.54 1.56623 2.46987
4.55 1.56922 2.44505
4.56 1.57221 2.42023
4.57 1.5752 2.39541
4.58 1.57819 2.37059
4.59 1.58118 2.34577
4.6 1.58417 2.32095
4.61 1.58716 2.29613
4.62 1.59015 2.27131
4.63 1.59315 2.24649
4.64 1.59614 2.22167
4.65 1.59913 2.19685
4.66 1.60212 2.17203
4.67 1.60511 2.14721
4.68 1.6081 2.12239
4.69 1.61109 2.09757
4.7 1.61408 2.07274
4.71 1.61707 2.04792
4.72 1.62006 2.0231
4.73 1.62305 1.99828
4.74 1.62604 1.97346
4.75 1.62903 1.94864
4.76 1.63202 1.92382
4.77 1.63501 1.899
4.78 1.638 1.87418
4.79 1.64099 1.84936
4.8 1.64398 1.82454
4.81 1.64697 1.79972
4.82 1.64996 1.7749
4.83 1.65295 1.75008
4.84 1.65594 1.72526
4.85 1.65893 1.70044
4.86 1.66192 1.67562
4.87 1.66491 1.6508
4.88 1.6679 1.62598
4.89 1.67089 1.60116
4.9 1.67389 1.57633
4.91 1.67688 1.55151
4.92 1.67987 1.52669
4.93 1.68286 1.50187
4.94 1.68585 1.47705
4.95 1.68884 1.45223
4.96 1.69183 1.42741
4.97 1.69482 1.40259
4.98 1.69781 1.37777
4.99 1.7008 1.35295
5 1.70379 1.32813
5.01 1.70678 1.30331
5.02 1.70977 1.27849
5.03 1.71276 1.25367
5.04 1.71575 1.22885
5.05 1.71874 1.20403
5.06 1.72173 1.17921
5.07 1.72472 1.15439
5.08 1.72771 1.12957
5.09 1.7307 1.10475
5.1 1.73369 1.07992
5.11 1.73668 1.0551
5.12 1.73967 1.03028
5.13 1.74266 1.00546
5.14 1.74565 0.980642
5.15 1.74864 0.955822
5.16 1.75164 0.931001
5.17 1.75463 0.906181
5.18 1.75762 0.88136
5.19 1.76061 0.85654
5.2 1.7636 0.831719
5.21 1.76659 0.806899
5.22 1.76958 0.782078
5.23 1.77257 0.757258
5.24 1.77556 0.732437
5.25 1.77855 0.707617
5.26 1.78154 0.682796
5.27 1.78453 0.657976
5.28 1.78752 0.633155
5.29 1.79051 0.608335
5.3 1.7935 0.583514
5.31 1.79649 0.558694
5.32 1.79948 0.533873
5.33 1.80247 0.509053
5.34 1.80546 0.484232
5.35 1.80845 0.459412
5.36 1.81144 0.434591
5.37 1.81443 0.409771
5.38 1.81742 0.38495
5.39 1.82041 0.36013
5.4 1.8234 0.335309
5.41 1.82639 0.310489
5.42 1.82939 0.285668
5.43 1.83238 0.260848
5.44 1.83537 0.236027
5.45 1.83836 0.211207
5.46 1.84135 0.186386
5.47 1.84434 0.161566
5.48 1.84733 0.136745
5.49 1.85032 0.111925
5.5 1.85331 0.0871042
5.51 1.8563 0.0622837
5.52 1.85929 0.0374632
5.53 1.86228 0.0126427
5.54 1.86527 0.0121778
5.55 1.86826 0.0369983
5.56 1.87125 0.0618188
5.57 1.87424 0.0866394
5.58 1.87723 0.11146
5.59 1.88022 0.13628
5.6 1.88321 0.161101
5.61 1.8862 0.185921
5.62 1.88919 0.210742
5.63 1.89218 0.235562
5.64 1.89517 0.260383
5.65 1.89816 0.285203
5.66 1.90115 0.310024
5.67 1.90414 0.334844
5.68 1.90714 0.359665
5.69 1.91013 0.384485
5.7 1.91312 0.409306
5.71 1.91611 0.434126
5.72 1.9191 0.458947
5.73 1.92209 0.483767
5.74 1.92508 0.508588
5.75 1.92807 0.533408
5.76 1.93106 0.558229
5.77 1.93405 0.58305
5.78 1.93704 0.60787
5.79 1.94003 0.632691
5.8 1.94302 0.657511
5.81 1.94601 0.682332
5.82 1.949 0.707152
5.83 1.95199 0.731973
5.84 1.95498 0.756793
5.85 1.95797 0.781614
5.86 1.96096 0.806434
5.87 1.96395 0.831255
5.88 1.96694 0.856075
5.89 1.96993 0.880896
5.9 1.97292 0.905716
5.91 1.97591 0.930537
5.92 1.9789 0.955357
5.93 1.98189 0.980178
5.94 1.98488 1.005
5.95 1.98788 1.02982
5.96 1.99087 1.05464
5.97 1.99386 1.07946
5.98 1.99685 1.10428
5.99 1.99984 1.1291
6 2.00283 1.15392
6.01 2.00582 1.17874
6.02 2.00881 1.20356
6.03 2.0118 1.22838
6.04 2.01479 1.2532
6.05 2.01778 1.27802
6.06 2.02077 1.30284
6.07 2.02376 1.32766
6.08 2.02675 1.35249
6.09 2.02974 1.37731
6.1 2.03273 1.40213
6.11 2.03572 1.42695
6.12 2.03871 1.45177
6.13 2.0417 1.47659
6.14 2.04469 1.50141
6.15 2.04768 1.52623
6.16 2.05067 1.55105
6.17 2.05366 1.57587
6.18 2.05665 1.60069
6.19 2.05964 1.62551
6.2 2.06263 1.65033
6.21 2.06563 1.67515
6.22 2.06862 1.69997
6.23 2.07161 1.72479
6.24 2.0746 1.74961
6.25 2.07759 1.77443
6.26 2.08058 1.79925
6.27 2.08357 1.82407
6.28 2.08656 1.8489
6.29 2.08955 1.87372
6.3 2.09254 1.89854
6.31 2.09553 1.92336
6.32 2.09852 1.94818
6.33 2.10151 1.973
6.34 2.1045 1.99782
6.35 2.10749 2.02264
6.36 2.11048 2.04746
6.37 2.11347 2.07228
6.38 2.11646 2.0971
6.39 2.11945 2.12192
6.4 2.12244 2.14674
6.41 2.12543 2.17156
6.42 2.12842 2.19638
6.43 2.13141 2.2212
6.44 2.1344 2.24602
6.45 2.13739 2.27084
6.46 2.14038 2.29566
6.47 2.14338 2.32049
6.48 2.14637 2.34531
6.49 2.14936 2.37013
6.5 2.15235 2.39495
6.51 2.15534 2.41977
6.52 2.15833 2.44459
6.53 2.16132 2.46941
6.54 2.16431 2.49423
6.55 2.1673 2.51905
6.56 2.17029 2.54387
6.57 2.17328 2.56869
6.58 2.17627 2.59351
6.59 2.17926 2.61833
6.6 2.18225 2.64315
6.61 2.18524 2.66797
6.62 2.18823 2.69279
6.63 2.19122 2.71761
6.64 2.19421 2.74243
6.65 2.1972 2.76725
6.66 2.20019 2.79207
6.67 2.20318 2.8169
6.68 2.20617 2.84172
6.69 2.20916 2.86654
6.7 2.21215 2.89136
6.71 2.21514 2.91618
6.72 2.21813 2.941
6.73 2.22113 2.96582
6.74 2.22412 2.99064
6.75 2.22711 3.01546
6.76 2.2301 3.04028
6.77 2.23309 3.0651
6.78 2.23608 3.08992
6.79 2.23907 3.11474
6.8 2.24206 3.13956
6.81 2.24505 3.16438
6.82 2.24804 3.1892
6.83 2.25103 3.21402
6.84 2.25402 3.23884
6.85 2.25701 3.26366
6.86 2.26 3.28848
6.87 2.26299 3.31331
6.88 2.26598 3.33813
6.89 2.26897 3.36295
6.9 2.27196 3.38777
6.91 2.27495 3.41259
6.92 2.27794 3.43741
6.93 2.28093 3.46223
6.94 2.28392 3.48705
6.95 2.28691 3.51187
6.96 2.2899 3.53669
6.97 2.29289 3.56151
6.98 2.29588 3.58633
6.99 2.29887 3.61115
7 2.30187 3.63597
7.01 2.30486 3.66079
7.02 2.30785 3.68561
7.03 2.31084 3.71043
7.04 2.31383 3.73525
7.05 2.31682 3.76007
7.06 2.31981 3.7849
7.07 2.3228 3.80972
7.08 2.32579 3.83454
7.09 2.32878 3.85936
7.1 2.33177 3.88418
7.11 2.33476 3.909
7.12 2.33775 3.93382
7.13 2.34074 3.95864
7.14 2.34373 3.98346
7.15 2.34672 4.00828
7.16 2.34971 4.0331
7.17 2.3527 4.05792
7.18 2.35569 4.08274
7.19 2.37569 4.09774
7.2 2.39569 4.11274
7.21 2.41569 4.12774
7.22 2.43569 4.14274
7.23 2.45569 4.15774
7.24 2.47569 4.17274
7.25 2.49569 4.18774
7.26 2.51569 4.20274
7.27 2.53569 4.21774
7.28 2.55569 4.23274
7.29 2.57569 4.24774
7.3 2.59569 4.26274
7.31 2.61569 4.27774
7.32 2.63569 4.29274
7.33 2.65569 4.30774
7.34 2.67569 4.32274
7.35 2.69569 4.33774
7.36 2.71569 4.35274
7.37 2.73569 4.36774
7.38 2.75569 4.38274
7.39 2.77569 4.39774
7.4 2.79569 4.41274
7.41 2.81569 4.42774
7.42 2.83569 4.44274
7.43 2.85569 4.45774
7.44 2.87569 4.47274
7.45 2.89569 4.48774
7.46 2.91569 4.50274
7.47 2.93569 4.51774
7.48 2.95569 4.53274
7.49 2.97569 4.54774
7.5 2.99569 4.56274
7.51 3.01569 4.57774
7.52 3.03569 4.59274
7.53 3.05569 4.60774
7.54 3.07569 4.62274
7.55 3.09569 4.63774
7.56 3.11569 4.65274
7.57 3.13569 4.66774
7.58 3.15569 4.68274
7.59 3.17569 4.69774
7.6 3.19569 4.71274
7.61 3.21569 4.72774
7.62 3.23569 4.74274
7.63 3.25569 4.75774
7.64 3.27569 4.77274
7.65 3.29569 4.78774
7.66 3.31569 4.80274
7.67 3.33569 4.81774
7.68 3.35569 4.83274
7.69 3.37569 4.84774
7.7 3.39569 4.86274
7.71 3.41569 4.87774
7.72 3.43569 4.89274
7.73 3.45569 4.90774
7.74 3.47569 4.92274
7.75 3.49569 4.93774
7.76 3.51569 4.95274
7.77 3.53569 4.96774
7.78 3.55569 4.98274
7.79 3.57569 4.99774
7.8 3.59569 5.01274
7.81 3.61569 5.02774
7.82 3.63569 5.04274
7.83 3.65569 5.05774
7.84 3.67569 5.07274
7.85 3.69569 5.08774
7.86 3.71569 5.10274
7.87 3.73569 5.11774
7.88 3.75569 5.13274
7.89 3.77569 5.14774
7.9 3.79569 5.16274
7.91 3.81569 5.17774
7.92 3.83569 5.19274
7.93 3.85569 5.20774
7.94 3.87569 5.22274
7.95 3.89569 5.23774
7.96 3.91569 5.25274
7.97 3.93569 5.26774
7.98 3.95569 5.28274
7.99 3.97569 5.29774
8 3.99569 5.31274
8.01 4.01569 5.32774
8.02 4.03569 5.34274
8.03 4.05569 5.35774
8.04 4.07569 5.37274
8.05 4.09569 5.38774
8.06 4.11569 5.40274
8.07 4.13569 5.41774
8.08 4.15569 5.43274
8.09 4.17569 5.44774
8.1 4.19569 5.46274
8.11 4.21569 5.47774
8.12 4.23569 5.49274
8.13 4.25569 5.50774
8.14 4.27569 5.52274
8.15 4.29569 5.53774
8.16 4.31569 5.55274
8.17 4.33569 5.56774
8.18 4.35569 5.58274
8.19 4.37569 5.59774
8.2 4.39569 5.61274
8.21 4.41569 5.62774
8.22 4.43569 5.64274
8.23 4.45569 5.65774
8.24 4.47569 5.67274
8.25 4.49569 5.68774
8.26 4.51569 5.70274
8.27 4.53569 5.71774
8.28 4.55569 5.73274
8.29 4.57569 5.74774
8.3 4.59569 5.76274
8.31 4.61569 5.77774
8.32 4.63569 5.79274
8.33 4.65569 5.80774
8.34 4.67569 5.82274
8.35 4.69569 5.83774
8.36 4.71569 5.85274
8.37 4.73569 5.86774
8.38 4.75569 5.88274
8.39 4.77569 5.89774
8.4 4.79569 5.91274
8.41 4.81569 5.92774
8.42 4.83569 5.94274
8.43 4.85569 5.95774
8.44 4.87569 5.97274
8.45 4.89569 5.98774
8.46 4.91569 6.00274
8.47 4.93569 6.01774
8.48 4.95569 6.03274
8.49 4.97569 6.04774
8.5 4.99569 6.06274
8.51 5.01569 6.07774
8.52 5.03569 6.09274
8.53 5.05569 6.10774
8.54 5.07569 6.12274
8.55 5.09569 6.13774
8.56 5.11569 6.15274
8.57 5.13569 6.16774
8.58 5.15569 6.18274
8.59 5.17569 6.19774
8.6 5.19569 6.21274
8.61 5.21569 6.22774
8.62 5.23569 6.24274
8.63 5.25569 6.25774
8.64 5.27569 6.27274
8.65 5.29569 6.28774
8.66 5.31569 6.30274
8.67 5.33569 6.31774
8.68 5.35569 6.33274
8.69 5.37569 6.34774
8.7 5.39569 6.36274
8.71 5.41569 6.37774
8.72 5.43569 6.39274
8.73 5.45569 6.40774
8.74 5.47569 6.42274
8.75 5.49569 6.43774
8.76 5.51569 6.45274
8.77 5.53569 6.46774
8.78 5.55569 6.48274
8.79 5.57569 6.49774
8.8 5.59569 6.51274
8.81 5.61569 6.52774
8.82 5.63569 6.54274
8.83 5.65569 6.55774
8.84 5.67569 6.57274
8.85 5.69569 6.58774
8.86 5.71569 6.60274
8.87 5.73569 6.61774
8.88 5.75569 6.63274
8.89 5.77569 6.64774
8.9 5.79569 6.66274
8.91 5.81569 6.67774
8.92 5.83569 6.69274
8.93 5.85569 6.70774
8.94 5.87569 6.72274
8.95 5.89569 6.73774
8.96 5.91569 6.75274
8.97 5.93569 6.76774
8.98 5.95569 6.78274
8.99 5.97569 6.79774
9 5.99569 6.81274
9.01 6.01569 6.82774
9.02 6.03569 6.84274
9.03 6.05569 6.85774
9.04 6.0327 6.84792
9.05 6.00971 6.8381
9.06 5.98672 6.82828
9.07 5.96373 6.81846
9.08 5.94074 6.80864
9.09 5.91775 6.79882
9.1 5.89476 6.789
9.11 5.87177 6.77918
9.12 5.84878 6.76936
9.13 5.82579 6.75954
9.14 5.8028 6.74972
9.15 5.77981 6.7399
9.16 5.75682 6.73007
9.17 5.73383 6.72025
9.18 5.71084 6.71043
9.19 5.68785 6.70061
9.2 5.66486 6.69079
9.21 5.64187 6.68097
9.22 5.61887 6.67115
9.23 5.59588 6.66133
9.24 5.57289 6.65151
9.25 5.5499 6.64169
9.26 5.52691 6.63187
9.27 5.50392 6.62205
9.28 5.48093 6.61223
9.29 5.45794 6.60241
9.3 5.43495 6.59259
9.31 5.41196 6.58277
9.32 5.38897 6.57295
9.33 5.36598 6.56313
9.34 5.34299 6.55331
9.35 5.32 6.54348
9.36 5.29701 6.53366
9.37 5.27402 6.52384
9.38 5.25103 6.51402
9.39 5.22804 6.5042
9.4 5.20505 6.49438
9.41 5.18206 6.48456
9.42 5.15907 6.47474
9.43 5.13608 6.46492
9.44 5.11309 6.4551
9.45 5.0901 6.44528
9.46 5.06711 6.43546
9.47 5.04412 6.42564
9.48 5.02113 6.41582
9.49 4.99813 6.406
9.5 4.97514 6.39618
9.51 4.95215 6.38636
9.52 4.92916 6.37654
9.53 4.90617 6.36672
9.54 4.88318 6.3569
9.55 4.86019 6.34707
9.56 4.8372 6.33725
9.57 4.81421 6.32743
9.58 4.79122 6.31761
9.59 4.76823 6.30779
9.6 4.74524 6.29797
9.61 4.72225 6.28815
9.62 4.69926 6.27833
9.63 4.67627 6.26851
9.64 4.65328 6.25869
9.65 4.63029 6.24887
9.66 4.6073 6.23905
9.67 4.58431 6.22923
9.68 4.56132 6.21941
9.69 4.53833 6.20959
9.7 4.51534 6.19977
9.71 4.49235 6.18995
9.72 4.46936 6.18013
9.73 4.44637 6.17031
9.74 4.42338 6.16049
9.75 4.40038 6.15066
9.76 4.37739 6.14084
9.77 4.3544 6.13102
9.78 4.33141 6.1212
9.79 4.30842 6.11138
9.8 4.28543 6.10156
9.81 4.26244 6.09174
9.82 4.23945 6.08192
9.83 4.21646 6.0721
9.84 4.19347 6.06228
9.85 4.17048 6.05246
9.86 4.14749 6.04264
9.87 4.1245 6.03282
9.88 4.10151 6.023
9.89 4.07852 6.01318
9.9 4.05553 6.00336
9.91 4.03254 5.99354
9.92 4.00955 5.98372
9.93 3.98656 5.9739
9.94 3.96357 5.96407
9.95 3.94058 5.95425
9.96 3.91759 5.94443
9.97 3.8946 5.93461
9.98 3.87161 5.92479
9.99 3.84862 5.91497
10 3.82563 5.90515
10.01 3.80263 5.89533
10.02 3.77964 5.88551
10.03 3.75665 5.87569
10.04 3.73366 5.86587
10.05 3.71067 5.85605
10.06 3.68768 5.84623
10.07 3.66469 5.83641
10.08 3.6417 5.82659
10.09 3.61871 5.81677
10.1 3.59572 5.80695
10.11 3.57273 5.79713
10.12 3.54974 5.78731
10.13 3.52675 5.77749
10.14 3.50376 5.76766
10.15 3.48077 5.75784
10.16 3.45778 5.74802
10.17 3.43479 5.7382
10.18 3.4118 5.72838
10.19 3.38881 5.71856
10.2 3.36582 5.70874
10.21 3.34283 5.69892
10.22 3.31984 5.6891
10.23 3.29685 5.67928
10.24 3.27386 5.66946
10.25 3.25087 5.65964
10.26 3.25386 5.63482
10.27 3.25685 5.61
10.28 3.25984 5.58518
10.29 3.26283 5.56036
10.3 3.26582 5.53554
10.31 3.26881 5.51072
10.32 3.2718 5.4859
10.33 3.27479 5.46108
10.34 3.27778 5.43625
10.35 3.28077 5.41143
10.36 3.28376 5.38661
10.37 3.28675 5.36179
10.38 3.28974 5.33697
10.39 3.29273 5.31215
10.4 3.29572 5.28733
10.41 3.29871 5.26251
10.42 3.3017 5.23769
10.43 3.30469 5.21287
10.44 3.30768 5.18805
10.45 3.31067 5.16323
10.46 3.31366 5.13841
10.47 3.31665 5.11359
10.48 3.31964 5.08877
10.49 3.32263 5.06395
10.5 3.32563 5.03913
10.51 3.32862 5.01431
10.52 3.33161 4.98949
10.53 3.3346 4.96466
10.54 3.33759 4.93984
10.55 3.34058 4.91502
10.56 3.34357 4.8902
10.57 3.34656 4.86538
10.58 3.34955 4.84056
10.59 3.35254 4.81574
10.6 3.35553 4.79092
10.61 3.35852 4.7661
10.62 3.36151 4.74128
10.63 3.3645 4.71646
10.64 3.36749 4.69164
10.65 3.37048 4.66682
10.66 3.37347 4.642
10.67 3.37646 4.61718
10.68 3.37945 4.59236
10.69 3.38244 4.56754
10.7 3.38543 4.54272
10.71 3.38842 4.5179
10.72 3.39141 4.49308
10.73 3.3944 4.46825
10.74 3.39739 4.44343
10.75 3.40038 4.41861
10.76 3.40338 4.39379
10.77 3.40637 4.36897
10.78 3.40936 4.34415
10.79 3.41235 4.31933
10.8 3.41534 4.29451
10.81 3.41833 4.26969
10.82 3.42132 4.24487
10.83 3.42431 4.22005
10.84 3.4273 4.19523
10.85 3.43029 4.17041
10.86 3.43328 4.14559
10.87 3.43627 4.12077
10.88 3.43926 4.09595
10.89 3.44225 4.07113
10.9 3.44524 4.04631
10.91 3.44823 4.02149
10.92 3.45122 3.99667
10.93 3.45421 3.97184
10.94 3.4572 3.94702
10.95 3.46019 3.9222
10.96 3.46318 3.89738
10.97 3.46617 3.87256
10.98 3.46916 3.84774
10.99 3.47215 3.82292
11 3.47514 3.7981
11.01 3.47813 3.77328
11.02 3.48113 3.74846
11.03 3.48412 3.72364
11.04 3.48711 3.69882
11.05 3.4901 3.674
11.06 3.49309 3.64918
11.07 3.49608 3.62436
11.08 3.49907 3.59954
11.09 3.50206 3.57472
11.1 3.50505 3.5499
11.11 3.50804 3.52508
11.12 3.51103 3.50025
11.13 3.51402 3.47543
11.14 3.51701 3.45061
11.15 3.52 3.42579
11.16 3.52299 3.40097
11.17 3.52598 3.37615
11.18 3.52897 3.35133
11.19 3.53196 3.32651
11.2 3.53495 3.30169
11.21 3.53794 3.27687
11.22 3.54093 3.25205
11.23 3.54392 3.22723
11.24 3.54691 3.20241
11.25 3.5499 3.17759
11.26 3.55289 3.15277
11.27 3.55588 3.12795
11.28 3.55887 3.10313
11.29 3.56187 3.07831
11.3 3.56486 3.05349
11.31 3.56785 3.02867
11.32 3.57084 3.00384
11.33 3.57383 2.97902
11.34 3.57682 2.9542
11.35 3.57981 2.92938
11.36 3.5828 2.90456
11.37 3.58579 2.87974
11.38 3.58878 2.85492
11.39 3.59177 2.8301
11.4 3.59476 2.80528
11.41 3.59775 2.78046
11.42 3.60074 2.75564
11.43 3.60373 2.73082
11.44 3.60672 2.706
11.45 3.60971 2.68118
11.46 3.6127 2.65636
11.47 3.61569 2.63154
11.48 3.61868 2.60672
11.49 3.62167 2.5819
11.5 3.62466 2.55708
11.51 3.62765 2.53226
11.52 3.63064 2.50743
11.53 3.63363 2.48261
11.54 3.63662 2.45779
11.55 3.63962 2.43297
11.56 3.64261 2.40815
11.57 3.6456 2.38333
11.58 3.64859 2.35851
11.59 3.65158 2.33369
11.6 3.65457 2.30887
11.61 3.65756 2.28405
11.62 3.66055 2.25923
11.63 3.66354 2.23441
11.64 3.66653 2.20959
11.65 3.66952 2.18477
11.66 3.67251 2.15995
11.67 3.6755 2.13513
11.68 3.67849 2.11031
11.69 3.68148 2.08549
11.7 3.68447 2.06067
11.71 3.68746 2.03584
11.72 3.69045 2.01102
11.73 3.69344 1.9862
11.74 3.69643 1.96138
11.75 3.69942 1.93656
11.76 3.70241 1.91174
11.77 3.7054 1.88692
11.78 3.70839 1.8621
11.79 3.71138 1.83728
11.8 3.71437 1.81246
11.81 3.71737 1.78764
11.82 3.72036 1.76282
11.83 3.72335 1.738
11.84 3.72634 1.71318
11.85 3.72933 1.68836
11.86 3.73232 1.66354
11.87 3.73531 1.63872
11.88 3.7383 1.6139
11.89 3.74129 1.58908
11.9 3.74428 1.56426
11.91 3.74727 1.53943
11.92 3.75026 1.51461
11.93 3.75325 1.48979
11.94 3.75624 1.46497
11.95 3.75923 1.44015
11.96 3.76222 1.41533
11.97 3.76521 1.39051
11.98 3.7682 1.36569
11.99 3.77119 1.34087
12 3.77418 1.31605
12.01 3.77717 1.29123
12.02 3.78016 1.26641
12.03 3.78315 1.24159
12.04 3.78614 1.21677
12.05 3.78913 1.19195
12.06 3.79212 1.16713
12.07 3.79512 1.14231
12.08 3.79811 1.11749
12.09 3.8011 1.09267
12.1 3.80409 1.06785
12.11 3.80708 1.04302
12.12 3.81007 1.0182
12.13 3.81306 0.993384
12.14 3.81605 0.968563
12.15 3.81904 0.943743
12.16 3.82203 0.918922
12.17 3.82502 0.894102
12.18 3.82801 0.869281
12.19 3.831 0.844461
12.2 3.83399 0.81964
12.21 3.83698 0.79482
12.22 3.83997 0.769999
12.23 3.84296 0.745179
12.24 3.84595 0.720358
12.25 3.84894 0.695538
12.26 3.85193 0.670717
12.27 3.85492 0.645897
12.28 3.85791 0.621076
12.29 3.8609 0.596256
12.3 3.86389 0.571435
12.31 3.86688 0.546615
12.32 3.86987 0.521794
12.33 3.87286 0.496973
12.34 3.87586 0.472153
12.35 3.87885 0.447332
12.36 3.88184 0.422512
12.37 3.88483 0.397691
12.38 3.88782 0.372871
12.39 3.89081 0.34805
12.4 3.8938 0.32323
12.41 3.89679 0.298409
12.42 3.89978 0.273589
12.43 3.90277 0.248768
12.44 3.90576 0.223948
12.45 3.90875 0.199127
12.46 3.91174 0.174307
12.47 3.91473 0.149486
12.48 3.91772 0.124666
12.49 3.92071 0.0998454
12.5 3.9237 0.0750248
12.51 3.92669 0.0502043
12.52 3.92968 0.0253838
12.53 3.93267 0.000563324
12.54 3.93566 0.0242572
12.55 3.93865 0.0490777
12.56 3.94164 0.0738982
12.57 3.94463 0.0987187
12.58 3.94762 0.123539
12.59 3.95061 0.14836
12.6 3.95361 0.17318
12.61 3.9566 0.198001
12.62 3.95959 0.222821
12.63 3.96258 0.247642
12.64 3.96557 0.272462
12.65 3.96856 0.297283
12.66 3.97155 0.322103
12.67 3.97454 0.346924
12.68 3.97753 0.371744
12.69 3.98052 0.396565
12.7 3.98351 0.421385
12.71 3.9865 0.446206
12.72 3.98949 0.471026
12.73 3.99248 0.495847
12.74 3.99547 0.520667
12.75 3.99846 0.545488
12.76 4.00145 0.570308
12.77 4.00444 0.595129
12.78 4.00743 0.619949
12.79 4.01042 0.64477
12.8 4.01341 0.66959
12.81 4.0164 0.694411
12.82 4.01939 0.719231
12.83 4.02238 0.744052
12.84 4.02537 0.768872
12.85 4.02836 0.793693
12.86 4.03136 0.818513
12.87 4.03435 0.843334
12.88 4.03734 0.868154
12.89 4.04033 0.892975
12.9 4.04332 0.917795
12.91 4.04631 0.942616
12.92 4.0493 0.967436
12.93 4.05229 0.992257
12.94 4.05528 1.01708
12.95 4.05827 1.0419
12.96 4.06126 1.06672
12.97 4.06425 1.09154
12.98 4.06724 1.11636
12.99 4.07023 1.14118
13 4.07322 1.166
13.01 4.07621 1.19082
13.02 4.0792 1.21564
13.03 4.08219 1.24046
13.04 4.08518 1.26528
13.05 4.08817 1.2901
13.06 4.09116 1.31492
13.07 4.09415 1.33974
13.08 4.09714 1.36456
13.09 4.10013 1.38939
13.1 4.10312 1.41421
13.11 4.10611 1.43903
13.12 4.10911 1.46385
13.13 4.1121 1.48867
13.14 4.11509 1.51349
13.15 4.11808 1.53831
13.16 4.12107 1.56313
13.17 4.12406 1.58795
13.18 4.12705 1.61277
13.19 4.13004 1.63759
13.2 4.13303 1.66241
13.21 4.13602 1.68723
13.22 4.13901 1.71205
13.23 4.142 1.73687
13.24 4.14499 1.76169
13.25 4.14798 1.78651
13.26 4.15097 1.81133
13.27 4.15396 1.83615
13.28 4.15695 1.86097
13.29 4.15994 1.8858
13.3 4.16293 1.91062
13.31 4.16592 1.93544
13.32 4.16891 1.96026
13.33 4.1719 1.98508
13.34 4.17489 2.0099
13.35 4.17788 2.03472
13.36 4.18087 2.05954
13.37 4.18386 2.08436
13.38 4.18685 2.10918
13.39 4.18985 2.134
13.4 4.19284 2.15882
13.41 4.19583 2.18364
13.42 4.19882 2.20846
13.43 4.20181 2.23328
13.44 4.2048 2.2581
13.45 4.20779 2.28292
13.46 4.21078 2.30774
13.47 4.21377 2.33256
13.48 4.21676 2.35738
13.49 4.21975 2.38221
13.5 4.22274 2.40703
13.51 4.22573 2.43185
13.52 4.22872 2.45667
13.53 4.23171 2.48149
13.54 4.2347 2.50631
13.55 4.23769 2.53113
13.56 4.24068 2.55595
13.57 4.24367 2.58077
13.58 4.24666 2.60559
13.59 4.24965 2.63041
13.6 4.25264 2.65523
13.61 4.25563 2.68005
13.62 4.25862 2.70487
13.63 4.26161 2.72969
13.64 4.2646 2.75451
13.65 4.2676 2.77933
13.66 4.27059 2.80415
13.67 4.27358 2.82897
13.68 4.27657 2.8538
13.69 4.27956 2.87862
13.7 4.28255 2.90344
13.71 4.28554 2.92826
13.72 4.28853 2.95308
13.73 4.29152 2.9779
13.74 4.29451 3.00272
13.75 4.2975 3.02754
13.76 4.30049 3.05236
13.77 4.30348 3.07718
13.78 4.30647 3.102
13.79 4.30946 3.12682
13.8 4.31245 3.15164
13.81 4.31544 3.17646
13.82 4.31843 3.20128
13.83 4.32142 3.2261
13.84 4.32441 3.25092
13.85 4.3274 3.27574
13.86 4.33039 3.30056
13.87 4.33338 3.32538
13.88 4.33637 3.35021
13.89 4.33936 3.37503
13.9 4.34235 3.39985
13.91 4.34535 3.42467
13.92 4.34834 3.44949
13.93 4.35133 3.47431
13.94 4.35432 3.49913
13.95 4.35731 3.52395
13.96 4.3603 3.54877
13.97 4.36329 3.57359
13.98 4.36628 3.59841
13.99 4.36927 3.62323
14 4.37226 3.64805
14.01 4.37525 3.67287
14.02 4.37824 3.69769
14.03 4.38123 3.72251
14.04 4.38422 3.74733
14.05 4.38721 3.77215
14.06 4.3902 3.79697
14.07 4.39319 3.82179
14.08 4.39618 3.84662
14.09 4.39917 3.87144
14.1 4.40216 3.89626
14.11 4.40515 3.92108
14.12 4.40814 3.9459
14.13 4.41113 3.97072
14.14 4.41412 3.99554
14.15 4.41711 4.02036
14.16 4.4201 4.04518
14.17 4.4231 4.07
14.18 4.42609 4.09482
14.19 4.42908 4.11964
14.2 4.43207 4.14446
14.21 4.43506 4.16928
14.22 4.43805 4.1941
14.23 4.44104 4.21892
14.24 4.44403 4.24374
14.25 4.44702 4.26856
14.26 4.45001 4.29338
14.27 4.453 4.31821
14.28 4.45599 4.34303
14.29 4.45898 4.36785
14.3 4.46197 4.39267
14.31 4.46496 4.41749
14.32 4.46795 4.44231
14.33 4.47094 4.46713
14.34 4.47393 4.49195
14.35 4.47692 4.51677
14.36 4.47991 4.54159
14.37 4.4829 4.56641
14.38 4.48589 4.59123
14.39 4.48888 4.61605
14.4 4.49187 4.64087
14.41 4.49486 4.66569
14.42 4.49785 4.69051
14.43 4.50084 4.71533
14.44 4.50384 4.74015
14.45 4.50683 4.76497
14.46 4.50982 4.78979
14.47 4.51281 4.81462
14.48 4.5158 4.83944
14.49 4.51879 4.86426
14.5 4.52178 4.88908
14.51 4.52477 4.9139
14.52 4.52776 4.93872
14.53 4.53075 4.96354
14.54 4.53374 4.98836
14.55 4.53673 5.01318
14.56 4.53972 5.038
14.57 4.54271 5.06282
14.58 4.5457 5.08764
14.59 4.54869 5.11246
14.6 4.55168 5.13728
14.61 4.55467 5.1621
14.62 4.55766 5.18692
14.63 4.56065 5.21174
14.64 4.56364 5.23656
14.65 4.56663 5.26138
14.66 4.56962 5.2862
14.67 4.57261 5.31103
14.68 4.5756 5.33585
14.69 4.57859 5.36067
14.7 4.58159 5.38549
14.71 4.58458 5.41031
14.72 4.58757 5.43513
14.73 4.59056 5.45995
14.74 4.59355 5.48477
14.75 4.59654 5.50959
14.76 4.59953 5.53441
14.77 4.60252 5.55923
14.78 4.60551 5.58405
14.79 4.6085 5.60887
14.8 4.61149 5.63369
14.81 4.61448 5.65851
14.82 4.61747 5.68333
14.83 4.62046 5.70815
14.84 4.62345 5.73297
14.85 4.62644 5.75779
14.86 4.62943 5.78262
14.87 4.63242 5.80744
14.88 4.63541 5.83226
14.89 4.6384 5.85708
14.9 4.64139 5.8819
14.91 4.64438 5.90672
14.92 4.64737 5.93154
14.93 4.65036 5.95636
14.94 4.65335 5.98118
14.95 4.65634 6.006
14.96 4.65934 6.03082
14.97 4.66233 6.05564
14.98 4.66532 6.08046
14.99 4.66831 6.10528
15 4.6713 6.1301
15.01 4.67429 6.15492
15.02 4.67728 6.17974
15.03 4.68027 6.20456
15.04 4.68326 6.22938
15.05 4.68625 6.2542
15.06 4.68924 6.27903
15.07 4.69223 6.30385
15.08 4.69522 6.32867
15.09 4.69821 6.35349
15.1 4.7012 6.37831
15.11 4.70419 6.40313
15.12 4.70718 6.42795
15.13 4.71017 6.45277
15.14 4.71316 6.47759
15.15 4.71615 6.50241
15.16 4.71914 6.52723
15.17 4.72213 6.55205
15.18 4.72512 6.57687
15.19 4.72811 6.60169
15.2 4.7311 6.62651
15.21 4.73409 6.65133
15.22 4.73709 6.67615
15.23 4.74008 6.70097
15.24 4.74307 6.72579
15.25 4.74606 6.75061
15.26 4.74905 6.77544
15.27 4.75204 6.80026
15.28 4.75503 6.82508
15.29 4.75802 6.8499
15.3 4.76101 6.87472
15.31 4.764 6.89954
15.32 4.76699 6.92436
15.33 4.76998 6.94918
15.34 4.77297 6.974
15.35 4.77596 6.99882
15.36 4.77895 7.02364
15.37 4.78194 7.04846
15.38 4.78493 7.07328
15.39 4.78792 7.0981
15.4 4.79091 7.12292
15.41 4.7939 7.14774
15.42 4.79689 7.17256
15.43 4.79988 7.19738
15.44 4.80287 7.2222
15.45 4.80586 7.24703
15.46 4.80885 7.27185
15.47 4.81184 7.29667
15.48 4.81483 7.32149
15.49 4.81783 7.34631
15.5 4.82082 7.37113
15.51 4.82381 7.39595
15.52 4.8268 7.42077
15.53 4.82979 7.44559
15.54 4.83278 7.47041
15.55 4.83577 7.49523
15.56 4.83876 7.52005
15.57 4.84175 7.54487
15.58 4.84474 7.56969
15.59 4.84773 7.59451
15.6 4.85072 7.61933
15.61 4.85371 7.64415
15.62 4.8567 7.66897
15.63 4.85969 7.69379
15.64 4.86268 7.71861
15.65 4.86567 7.74344
15.66 4.86866 7.76826
15.67 4.87165 7.79308
15.68 4.87464 7.8179
15.69 4.87763 7.84272
15.7 4.88062 7.86754
15.71 4.88361 7.89236
15.72 4.8866 7.91718
15.73 4.88959 7.942
15.74 4.89258 7.96682
15.75 4.89558 7.99164
15.76 4.89857 8.01646
15.77 4.90156 8.04128
15.78 4.90455 8.0661
15.79 4.90754 8.09092
15.8 4.91053 8.11574
15.81 4.91352 8.14056
15.82 4.91651 8.16538
15.83 4.9195 8.1902
15.84 4.92249 8.21502
15.85 4.92548 8.23985
15.86 4.92847 8.26467
15.87 4.93146 8.28949
15.88 4.93445 8.31431
15.89 4.93744 8.33913
15.9 4.94043 8.36395
15.91 4.94342 8.38877
15.92 4.94641 8.41359
15.93 4.9494 8.43841
15.94 4.95239 8.46323
15.95 4.95538 8.48805
15.96 4.95837 8.51287
15.97 4.96136 8.53769
15.98 4.96435 8.56251
15.99 4.96734 8.58733
16 4.97033 8.61215
16.01 4.99033 8.62715
16.02 5.01033 8.64215
16.03 5.03033 8.65715
16.04 5.00734 8.64733
16.05 4.98435 8.63751
16.06 4.98734 8.61269
16.07 4.99033 8.58787
16.08 4.99333 8.56305
16.09 4.99632 8.53823
16.1 4.99931 8.51341
16.11 5.0023 8.48859
16.12 5.00529 8.46377
16.13 5.00828 8.43895
16.14 5.01127 8.41413
16.15 5.01426 8.38931
16.16 5.01725 8.36449
16.17 5.02024 8.33967
16.18 5.02323 8.31485
16.19 5.02622 8.29002
16.2 5.02921 8.2652
16.21 5.0322 8.24038
16.22 5.03519 8.21556
16.23 5.03818 8.19074
16.24 5.04117 8.16592
16.25 5.04416 8.1411
16.26 5.04715 8.11628
16.27 5.05014 8.09146
16.28 5.05313 8.06664
16.29 5.05612 8.04182
16.3 5.05911 8.017
16.31 5.0621 7.99218
16.32 5.06509 7.96736
16.33 5.06808 7.94254
16.34 5.07108 7.91772
16.35 5.07407 7.8929
16.36 5.07706 7.86808
16.37 5.08005 7.84326
16.38 5.08304 7.81844
16.39 5.08603 7.79361
16.4 5.08902 7.76879
16.41 5.09201 7.74397
16.42 5.095 7.71915
16.43 5.09799 7.69433
16.44 5.10098 7.66951
16.45 5.10397 7.64469
16.46 5.10696 7.61987
16.47 5.10995 7.59505
16.48 5.11294 7.57023
16.49 5.11593 7.54541
16.5 5.11892 7.52059
16.51 5.12191 7.49577
16.52 5.1249 7.47095
16.53 5.12789 7.44613
16.54 5.13088 7.42131
16.55 5.13387 7.39649
16.56 5.13686 7.37167
16.57 5.13985 7.34685
16.58 5.14284 7.32203
16.59 5.14583 7.2972
16.6 5.14883 7.27238
16.61 5.15182 7.24756
16.62 5.15481 7.22274
16.63 5.1578 7.19792
16.64 5.16079 7.1731
16.65 5.16378 7.14828
16.66 5.16677 7.12346
16.67 5.16976 7.09864
16.68 5.17275 7.07382
16.69 5.17574 7.049
16.7 5.17873 7.02418
16.71 5.18172 6.99936
16.72 5.18471 6.97454
16.73 5.1877 6.94972
16.74 5.19069 6.9249
16.75 5.19368 6.90008
16.76 5.19667 6.87526
16.77 5.19966 6.85044
16.78 5.20265 6.82561
16.79 5.20564 6.80079
16.8 5.20863 6.77597
16.81 5.21162 6.75115
16.82 5.21461 6.72633
16.83 5.2176 6.70151
16.84 5.22059 6.67669
16.85 5.22358 6.65187
16.86 5.22657 6.62705
16.87 5.22957 6.60223
16.88 5.23256 6.57741
16.89 5.23555 6.55259
16.9 5.23854 6.52777
16.91 5.24153 6.50295
16.92 5.24452 6.47813
16.93 5.24751 6.45331
16.94 5.2505 6.42849
16.95 5.25349 6.40367
16.96 5.25648 6.37885
16.97 5.25947 6.35403
16.98 5.26246 6.3292
16.99 5.26545 6.30438
17 5.26844 6.27956
17.01 5.27143 6.25474
17.02 5.27442 6.22992
17.03 5.27741 6.2051
17.04 5.2804 6.18028
17.05 5.28339 6.15546
17.06 5.28638 6.13064
17.07 5.28937 6.10582
17.08 5.29236 6.081
17.09 5.29535 6.05618
17.1 5.29834 6.03136
17.11 5.30133 6.00654
17.12 5.30432 5.98172
17.13 5.30732 5.9569
17.14 5.31031 5.93208
17.15 5.3133 5.90726
17.16 5.31629 5.88244
17.17 5.31928 5.85762
17.18 5.32227 5.83279
17.19 5.32526 5.80797
17.2 5.32825 5.78315
17.21 5.33124 5.75833
17.22 5.33423 5.73351
17.23 5.33722 5.70869
17.24 5.34021 5.68387
17.25 5.3432 5.65905
17.26 5.34619 5.63423
17.27 5.34918 5.60941
17.28 5.35217 5.58459
17.29 5.35516 5.55977
17.3 5.35815 5.53495
17.31 5.36114 5.51013
17.32 5.36413 5.48531
17.33 5.36712 5.46049
17.34 5.37011 5.43567
17.35 5.3731 5.41085
17.36 5.37609 5.38603
17.37 5.37908 5.3612
17.38 5.38207 5.33638
17.39 5.38507 5.31156
17.4 5.38806 5.28674
17.41 5.39105 5.26192
17.42 5.39404 5.2371
17.43 5.39703 5.21228
17.44 5.40002 5.18746
17.45 5.40301 5.16264
17.46 5.406 5.13782
17.47 5.40899 5.113
17.48 5.41198 5.08818
17.49 5.41497 5.06336
17.5 5.41796 5.03854
17.51 5.42095 5.01372
17.52 5.42394 4.9889
17.53 5.42693 4.96408
17.54 5.42992 4.93926
17.55 5.43291 4.91444
17.56 5.4359 4.88962
17.57 5.43889 4.86479
17.58 5.44188 4.83997
17.59 5.44487 4.81515
17.6 5.44786 4.79033
17.61 5.45085 4.76551
17.62 5.45384 4.74069
17.63 5.45683 4.71587
17.64 5.45982 4.69105
17.65 5.46282 4.66623
17.66 5.46581 4.64141
17.67 5.4688 4.61659
17.68 5.47179 4.59177
17.69 5.47478 4.56695
17.7 5.47777 4.54213
17.71 5.48076 4.51731
17.72 5.48375 4.49249
17.73 5.48674 4.46767
17.74 5.48973 4.44285
17.75 5.49272 4.41803
17.76 5.49571 4.39321
17.77 5.4987 4.36838
17.78 5.50169 4.34356
17.79 5.50468 4.31874
17.8 5.50767 4.29392
17.81 5.51066 4.2691
17.82 5.51365 4.24428
17.83 5.51664 4.21946
17.84 5.51963 4.19464
17.85 5.52262 4.16982
17.86 5.52561 4.145
17.87 5.5286 4.12018
17.88 5.53159 4.09536
17.89 5.53458 4.07054
17.9 5.53757 4.04572
17.91 5.54056 4.0209
17.92 5.54356 3.99608
17.93 5.54655 3.97126
17.94 5.54954 3.94644
17.95 5.55253 3.92162
17.96 5.55552 3.89679
17.97 5.55851 3.87197
17.98 5.5615 3.84715
17.99 5.56449 3.82233
18 5.56748 3.79751
18.01 5.57047 3.77269
18.02 5.57346 3.74787
18.03 5.57645 3.72305
18.04 5.57944 3.69823
18.05 5.58243 3.67341
18.06 5.58542 3.64859
18.07 5.58841 3.62377
18.08 5.5914 3.59895
18.09 5.59439 3.57413
18.1 5.59738 3.54931
18.11 5.60037 3.52449
18.12 5.60336 3.49967
18.13 5.60635 3.47485
18.14 5.60934 3.45003
18.15 5.61233 3.42521
18.16 5.61532 3.40038
18.17 5.61831 3.37556
18.18 5.62131 3.35074
18.19 5.6243 3.32592
18.2 5.62729 3.3011
18.21 5.63028 3.27628
18.22 5.63327 3.25146
18.23 5.63626 3.22664
18.24 5.63925 3.20182
18.25 5.64224 3.177
18.26 5.64523 3.15218
18.27 5.64822 3.12736
18.28 5.65121 3.10254
18.29 5.6542 3.07772
18.3 5.65719 3.0529
18.31 5.66018 3.02808
18.32 5.66317 3.00326
18.33 5.66616 2.97844
18.34 5.66915 2.95362
18.35 5.67214 2.9288
18.36 5.67513 2.90397
18.37 5.67812 2.87915
18.38 5.68111 2.85433
18.39 5.6841 2.82951
18.4 5.68709 2.80469
18.41 5.69008 2.77987
18.42 5.69307 2.75505
18.43 5.69606 2.73023
18.44 5.69906 2.70541
18.45 5.70205 2.68059
18.46 5.70504 2.65577
18.47 5.70803 2.63095
18.48 5.71102 2.60613
18.49 5.71401 2.58131
18.5 5.717 2.55649
18.51 5.71999 2.53167
18.52 5.72298 2.50685
18.53 5.72597 2.48203
18.54 5.72896 2.45721
18.55 5.73195 2.43238
18.56 5.73494 2.40756
18.57 5.73793 2.38274
18.58 5.74092 2.35792
18.59 5.74391 2.3331
18.6 5.7469 2.30828
18.61 5.74989 2.28346
18.62 5.75288 2.25864
18.63 5.75587 2.23382
18.64 5.75886 2.209
18.65 5.76185 2.18418
18.66 5.76484 2.15936
18.67 5.76783 2.13454
18.68 5.77082 2.10972
18.69 5.77381 2.0849
18.7 5.77681 2.06008
18.71 5.7798 2.03526
18.72 5.78279 2.01044
18.73 5.78578 1.98562
18.74 5.78877 1.9608
18.75 5.79176 1.93597
18.76 5.79475 1.91115
18.77 5.79774 1.88633
18.78 5.80073 1.86151
18.79 5.80372 1.83669
18.8 5.80671 1.81187
18.81 5.8097 1.78705
18.82 5.81269 1.76223
18.83 5.81568 1.73741
18.84 5.81867 1.71259
18.85 5.82166 1.68777
18.86 5.82465 1.66295
18.87 5.82764 1.63813
18.88 5.83063 1.61331
18.89 5.83362 1.58849
18.9 5.83661 1.56367
18.91 5.8396 1.53885
18.92 5.84259 1.51403
18.93 5.84558 1.48921
18.94 5.84857 1.46439
18.95 5.85156 1.43956
18.96 5.85455 1.41474
18.97 5.85755 1.38992
18.98 5.86054 1.3651
18.99 5.86353 1.34028
19 5.86652 1.31546
19.01 5.86951 1.29064
19.02 5.8725 1.26582
19.03 5.87549 1.241
19.04 5.87848 1.21618
19.05 5.88147 1.19136
19.06 5.88446 1.16654
19.07 5.88745 1.14172
19.08 5.89044 1.1169
19.09 5.89343 1.09208
19.1 5.89642 1.06726
19.11 5.89941 1.04244
19.12 5.9024 1.01762
19.13 5.90539 0.992795
19.14 5.90838 0.967975
19.15 5.91137 0.943154
19.16 5.91436 0.918334
19.17 5.91735 0.893513
19.18 5.92034 0.868693
19.19 5.92333 0.843872
19.2 5.92632 0.819052
19.21 5.92931 0.794231
19.22 5.9323 0.769411
19.23 5.9353 0.74459
19.24 5.93829 0.71977
19.25 5.94128 0.694949
19.26 5.94427 0.670129
19.27 5.94726 0.645308
19.28 5.95025 0.620488
19.29 5.95324 0.595667
19.3 5.95623 0.570847
19.31 5.95922 0.546026
19.32 5.96221 0.521206
19.33 5.9652 0.496385
19.34 5.96819 0.471565
19.35 5.97118 0.446744
19.36 5.97417 0.421924
19.37 5.97716 0.397103
19.38 5.98015 0.372283
19.39 5.98314 0.347462
19.4 5.98613 0.322642
19.41 5.98912 0.297821
19.42 5.99211 0.273001
19.43 5.9951 0.24818
19.44 5.99809 0.22336
19.45 6.00108 0.198539
19.46 6.00407 0.173719
19.47 6.00706 0.148898
19.48 6.01005 0.124078
19.49 6.01305 0.0992572
19.5 6.01604 0.0744367
19.51 6.01903 0.0496162
19.52 6.02202 0.0247957
19.53 6.02501 2.48486e-05
19.54 6.028 0.0248454
19.55 6.03099 0.0496659
19.56 6.03398 0.0744864
19.57 6.03697 0.0993069
19.58 6.03996 0.124127
19.59 6.04295 0.148948
19.6 6.04594 0.173768
19.61 6.04893 0.198589
19.62 6.05192 0.223409
19.63 6.05491 0.24823
19.64 6.0579 0.27305
19.65 6.06089 0.297871
19.66 6.06388 0.322691
19.67 6.06687 0.347512
19.68 6.06986 0.372332
19.69 6.07285 0.397153
19.7 6.07584 0.421973
19.71 6.07883 0.446794
19.72 6.08182 0.471615
19.73 6.08481 0.496435
19.74 6.0878 0.521256
19.75 6.0908 0.546076
19.76 6.09379 0.570897
19.77 6.09678 0.595717
19.78 6.09977 0.620538
19.79 6.10276 0.645358
19.8 6.10575 0.670179
19.81 6.10874 0.694999
19.82 6.11173 0.71982
19.83 6.11472 0.74464
19.84 6.11771 0.769461
19.85 6.1207 0.794281
19.86 6.12369 0.819102
19.87 6.12668 0.843922
19.88 6.12967 0.868743
19.89 6.13266 0.893563
19.9 6.13565 0.918384
19.91 6.13864 0.943204
19.92 6.14163 0.968025
19.93 6.14462 0.992845
19.94 6.14761 1.01767
19.95 6.1506 1.04249
19.96 6.15359 1.06731
19.97 6.15658 1.09213
19.98 6.15957 1.11695
19.99 6.16256 1.14177
20 6.16555 1.16659
