t x y z
0 5 0 0
0.01 4.89443 0.00212132 0.105085
0.02 4.7894 0.00635417 0.209189
0.03 4.68493 0.0126883 0.312312
0.04 4.58105 0.0211132 0.414454
0.05 4.47781 0.0316177 0.515615
0.06 4.37521 0.0441903 0.615795
0.07 4.27331 0.0588191 0.714994
0.08 4.17213 0.0754919 0.813212
0.09 4.0717 0.0941958 0.910449
0.1 3.97205 0.114918 1.00671
0.11 3.87321 0.137644 1.10198
0.12 3.77521 0.162361 1.19627
0.13 3.67809 0.189055 1.28959
0.14 3.58187 0.217709 1.38192
0.15 3.48657 0.24831 1.47327
0.16 3.39224 0.280841 1.56364
0.17 3.2989 0.315288 1.65303
0.18 3.20658 0.351632 1.74144
0.19 3.1153 0.389858 1.82886
0.2 3.02511 0.429949 1.91531
0.21 2.93601 0.471887 2.00078
0.22 2.84805 0.515653 2.08526
0.23 2.76125 0.561231 2.16876
0.24 2.67563 0.608601 2.25128
0.25 2.59123 0.657743 2.33283
0.26 2.50808 0.70864 2.41339
0.27 2.42619 0.761271 2.49296
0.28 2.34559 0.815615 2.57156
0.29 2.26632 0.871653 2.64918
0.3 2.1884 0.929364 2.72582
0.31 2.11185 0.988726 2.80147
0.32 2.03669 1.04972 2.87614
0.33 1.96296 1.11232 2.94984
0.34 1.89068 1.1765 3.02255
0.35 1.81987 1.24225 3.09428
0.36 1.75056 1.30954 3.16503
0.37 1.68277 1.37835 3.2348
0.38 1.61652 1.44865 3.30359
0.39 1.55185 1.52042 3.37139
0.4 1.48876 1.59363 3.43822
0.41 1.42728 1.66827 3.50407
0.42 1.36744 1.7443 3.56893
0.43 1.30926 1.82171 3.63281
0.44 1.25276 1.90046 3.69571
0.45 1.19796 1.98053 3.75764
0.46 1.14487 2.06189 3.81858
0.47 1.09353 2.14452 3.87853
0.48 1.04396 2.2284 3.93751
0.49 0.99616 2.31349 3.99551
0.5 0.950166 2.39976 4.05253
0.51 0.905992 2.4872 4.10856
0.52 0.863657 2.57576 4.16361
0.53 0.82318 2.66543 4.21769
0.54 0.784579 2.75618 4.27078
0.55 0.747871 2.84798 4.32289
0.56 0.713074 2.94079 4.37402
0.57 0.680204 3.0346 4.42417
0.58 0.649279 3.12936 4.47334
0.59 0.620313 3.22506 4.52153
0.6 0.593324 3.32166 4.56873
0.61 0.568326 3.41913 4.61496
0.62 0.545334 3.51744 4.6602
0.63 0.524363 3.61656 4.70446
0.64 0.505427 3.71647 4.74775
0.65 0.48854 3.81712 4.79005
0.66 0.473714 3.9185 4.83137
0.67 0.460964 4.02056 4.87171
0.68 0.4503 4.12328 4.91106
0.69 0.441737 4.22662 4.94944
0.7 0.435284 4.33056 4.98684
0.71 0.430953 4.43506 5.02325
0.72 0.428756 4.5401 5.05869
0.73 0.428702 4.64563 5.09314
0.74 0.430802 4.75162 5.12661
0.75 0.435065 4.85805 5.1591
0.76 0.441499 4.96488 5.19061
0.77 0.450115 5.07208 5.22114
0.78 0.460919 5.17961 5.25069
0.79 0.47392 5.28744 5.27926
0.8 0.489125 5.39554 5.30684
0.81 0.506542 5.50388 5.33345
0.82 0.526175 5.61242 5.35907
0.83 0.548032 5.72113 5.38371
0.84 0.572118 5.82997 5.40738
0.85 0.598438 5.93892 5.43006
0.86 0.626997 6.04793 5.45176
0.87 0.657799 6.15698 5.47248
0.88 0.690847 6.26602 5.49221
0.89 0.726145 6.37503 5.51097
0.9 0.763697 6.48397 5.52875
0.91 0.803503 6.59281 5.54554
0.92 0.845567 6.70152 5.56136
0.93 0.889889 6.81005 5.57619
0.94 0.936471 6.91838 5.59004
0.95 0.985313 7.02646 5.60291
0.96 1.03642 7.13428 5.6148
0.97 1.08978 7.24178 5.62571
0.98 1.1454 7.34894 5.63564
0.99 1.20328 7.45572 5.64459
1 1.26341 7.56209 5.65255
1.01 1.3258 7.66802 5.65954
1.02 1.39044 7.77346 5.66554
1.03 1.45733 7.87839 5.67056
1.04 1.52646 7.98277 5.67461
1.05 1.59783 8.08656 5.67767
1.06 1.67144 8.18974 5.67975
1.07 1.74728 8.29226 5.68085
1.08 1.82534 8.3941 5.68096
1.09 1.90563 8.49521 5.6801
1.1 1.98812 8.59557 5.67826
1.11 2.07282 8.69513 5.67543
1.12 2.15972 8.79387 5.67163
1.13 2.24882 8.89176 5.66684
1.14 2.34009 8.98875 5.66107
1.15 2.43354 9.08481 5.65432
1.16 2.52915 9.17991 5.64659
1.17 2.62692 9.27402 5.63788
1.18 2.72683 9.36711 5.62819
1.19 2.82887 9.45912 5.61752
1.2 2.93304 9.55005 5.60586
1.21 3.03933 9.63985 5.59323
1.22 3.14771 9.72848 5.57961
1.23 3.25818 9.81592 5.56501
1.24 3.37072 9.90213 5.54944
1.25 3.48532 9.98708 5.53288
1.26 3.60198 10.0707 5.51534
1.27 3.72066 10.1531 5.49682
1.28 3.84137 10.234 5.47731
1.29 3.96407 10.3136 5.45683
1.3 4.08877 10.3918 5.43537
1.31 4.21544 10.4685 5.41292
1.32 4.34406 10.5437 5.3895
1.33 4.47462 10.6174 5.36509
1.34 4.60711 10.6896 5.3397
1.35 4.7415 10.7601 5.31333
1.36 4.87777 10.8291 5.28598
1.37 5.01591 10.8964 5.25765
1.38 5.1559 10.9621 5.22834
1.39 5.29771 11.026 5.19805
1.4 5.44134 11.0882 5.16677
1.41 5.58675 11.1486 5.13452
1.42 5.73393 11.2073 5.10128
1.43 5.88286 11.2641 5.06706
1.44 6.03351 11.3191 5.03187
1.45 6.18587 11.3722 4.99569
1.46 6.3399 11.4234 4.95853
1.47 6.4956 11.4726 4.92039
1.48 6.65292 11.5199 4.88126
1.49 6.81186 11.5652 4.84116
1.5 6.97239 11.6084 4.80008
1.51 7.13447 11.6496 4.75801
1.52 7.2981 11.6888 4.71497
1.53 7.46324 11.7258 4.67094
1.54 7.62986 11.7607 4.62593
1.55 7.79795 11.7935 4.57994
1.56 7.96747 11.824 4.53297
1.57 8.1384 11.8524 4.48502
1.58 8.31071 11.8785 4.43609
1.59 8.48437 11.9024 4.38618
1.6 8.65936 11.9239 4.33528
1.61 8.83564 11.9432 4.28341
1.62 9.0132 11.9601 4.23055
1.63 9.19199 11.9747 4.17671
1.64 9.372 11.9869 4.1219
1.65 9.55319 11.9967 4.0661
1.66 9.73553 12.0041 4.00932
1.67 9.91899 12.0091 3.95156
1.68 10.1035 12.0115 3.89281
1.69 10.2891 12.0115 3.83309
1.7 10.4758 12.009 3.77239
1.71 10.6634 12.0039 3.7107
1.72 10.852 11.9963 3.64804
1.73 11.0416 11.9861 3.58439
1.74 11.232 11.9733 3.51976
1.75 11.4233 11.9579 3.45415
1.76 11.6154 11.9399 3.38756
1.77 11.8084 11.9192 3.31999
1.78 12.0021 11.8959 3.25144
1.79 12.1965 11.8699 3.18191
1.8 12.3916 11.8411 3.11139
1.81 12.5874 11.8097 3.0399
1.82 12.7839 11.7755 2.96742
1.83 12.9809 11.7386 2.89397
1.84 13.1785 11.6989 2.81953
1.85 13.3766 11.6564 2.74411
1.86 13.5752 11.6111 2.66771
1.87 13.7742 11.563 2.59033
1.88 13.9737 11.5121 2.51197
1.89 14.1736 11.4584 2.43262
1.9 14.3737 11.4018 2.3523
1.91 14.5742 11.3423 2.27099
1.92 14.775 11.28 2.18871
1.93 14.976 11.2147 2.10544
1.94 15.1772 11.1466 2.02119
1.95 15.3785 11.0756 1.93596
1.96 15.58 11.0016 1.84975
1.97 15.7815 10.9247 1.76256
1.98 15.9831 10.8449 1.67439
1.99 16.1846 10.7622 1.58524
2 16.3862 10.6764 1.4951
2.01 16.5877 10.5877 1.40399
2.02 16.789 10.4961 1.31189
2.03 16.9902 10.4015 1.21882
2.04 17.1912 10.3038 1.12476
2.05 17.392 10.2032 1.02972
2.06 17.5925 10.0996 0.933699
2.07 17.7927 9.99303 0.836698
2.08 17.9925 9.88342 0.738716
2.09 18.1919 9.7708 0.639753
2.1 18.3909 9.65518 0.539809
2.11 18.5895 9.53653 0.438884
2.12 18.7875 9.41488 0.336978
2.13 18.9849 9.2902 0.234091
2.14 19.1818 9.1625 0.130223
2.15 19.378 9.03178 0.0253737
